simals 100 3 4 112
simahs 9823479 131072 786432 9823503
simsls 300 8 11 212
simshs 847834792 40 30 847834792
slimals 30000 83 34 32822
slimahs 3434 834298374 89374982374239847 3434
slimsls 2343 8342374 239482934 18444746217507508643
slimshs 8742987439 894379238 923874289374 8742987439
nop 0 0 0 8742987439
ah 1234 7000 0 8234
ahs 83249283 2342834923 0 2426018670
bcw 82374982374 0 0 61053519153316657202651518710039083750
cgh 89327429 234 0 0
clz 823974283 98723498 0 2535301201046754613489551015938
max 9847293847 820349827049837 0 820348600829847
min 2348239482374 2983472938429384 0 2348239482374
msgn 89237498 982374928347 0 4205729798
popcnth 982347928 983274938 0 524294
rot 823794827493 14 0 4756143922417902107733934637615888382
rotw 893274923874 3 0 16140901173470868588
shlhi 98247098372 8 0 24193466893312
sfh 8239748 9283472983 0 9275298771
sfhs 98102983 20813704 0 4217743553
xor 928347 83294 0 1011461