1000000000000000000000000 00000000000000000000000000000000000000000000000000000000000000000000000000000000000000000000000000000000000000000000000001100100 00000000000000000000000000000000000000000000000000000000000000000000000000000000000000000000000000000000000000000000000000000011 00000000000000000000000000000000000000000000000000000000000000000000000000000000000000000000000000000000000000000000000000000100 00000000000000000000000000000000000000000000000000000000000000000000000000000000000000000000000000000000000000000000000001110000 
1000100000000000000000000 00000000000000000000000000000000000000000000000000000000000000000000000000000000000000000000000000000000100101011110010011110111 00000000000000000000000000000000000000000000000000000000000000000000000000000000000000000000000000000000000000100000000000000000 00000000000000000000000000000000000000000000000000000000000000000000000000000000000000000000000000000000000011000000000000000000 00000000000000000000000000000000000000000000000000000000000000000000000000000000000000000000000000000000100101011110010100001111 
1001000000000000000000000 00000000000000000000000000000000000000000000000000000000000000000000000000000000000000000000000000000000000000000000000100101100 00000000000000000000000000000000000000000000000000000000000000000000000000000000000000000000000000000000000000000000000000001000 00000000000000000000000000000000000000000000000000000000000000000000000000000000000000000000000000000000000000000000000000001011 00000000000000000000000000000000000000000000000000000000000000000000000000000000000000000000000000000000000000000000000011010100 
1001100000000000000000000 00000000000000000000000000000000000000000000000000000000000000000000000000000000000000000000000000110010100010001110111010101000 00000000000000000000000000000000000000000000000000000000000000000000000000000000000000000000000000000000000000000000000000101000 00000000000000000000000000000000000000000000000000000000000000000000000000000000000000000000000000000000000000000000000000011110 00000000000000000000000000000000000000000000000000000000000000000000000000000000000000000000000000110010100010001110111010101000 
1010000000000000000000000 00000000000000000000000000000000000000000000000000000000000000000000000000000000000000000000000000000000000000000111010100110000 00000000000000000000000000000000000000000000000000000000000000000000000000000000000000000000000000000000000000000000000001010011 00000000000000000000000000000000000000000000000000000000000000000000000000000000000000000000000000000000000000000000000000100010 00000000000000000000000000000000000000000000000000000000000000000000000000000000000000000000000000000000000000001000000000110110 
1010100000000000000000000 00000000000000000000000000000000000000000000000000000000000000000000000000000000000000000000000000000000000000000000110101101010 00000000000000000000000000000000000000000000000000000000000000000000000000000000000000000000000000110001101110100110001000000110 00000000000000000000000000000000000000000000000000000000000000000000000100111101100001100001001010101100001110010010111001100111 00000000000000000000000000000000000000000000000000000000000000000000000000000000000000000000000000000000000000000000110101101010 
1011000000000000000000000 00000000000000000000000000000000000000000000000000000000000000000000000000000000000000000000000000000000000000000000100100100111 00000000000000000000000000000000000000000000000000000000000000000000000000000000000000000000000000000000011111110100101101100110 00000000000000000000000000000000000000000000000000000000000000000000000000000000000000000000000000001110010001100011100000110110 00000000000000000000000000000000000000000000000000000000000000001111111111111000111001101111010111011010110000111101000110100011 
1011100000000000000000000 00000000000000000000000000000000000000000000000000000000000000000000000000000000000000000000001000001001000111110110011010101111 00000000000000000000000000000000000000000000000000000000000000000000000000000000000000000000000000110101010011110010010011100110 00000000000000000000000000000000000000000000000000000000000000000000000000000000000000001101011100011011001100101110011011011110 00000000000000000000000000000000000000000000000000000000000000000000000000000000000000000000001000001001000111110110011010101111 
1100000000000000000000000 00000000000000000000000000000000000000000000000000000000000000000000000000000000000000000000000000000000000000000000000000000000 00000000000000000000000000000000000000000000000000000000000000000000000000000000000000000000000000000000000000000000000000000000 00000000000000000000000000000000000000000000000000000000000000000000000000000000000000000000000000000000000000000000000000000000 00000000000000000000000000000000000000000000000000000000000000000000000000000000000000000000001000001001000111110110011010101111 
1100000001000000000000000 00000000000000000000000000000000000000000000000000000000000000000000000000000000000000000000000000000000000000000000010011010010 00000000000000000000000000000000000000000000000000000000000000000000000000000000000000000000000000000000000000000001101101011000 00000000000000000000000000000000000000000000000000000000000000000000000000000000000000000000000000000000000000000000000000000000 00000000000000000000000000000000000000000000000000000000000000000000000000000000000000000000000000000000000000000010000000101010 
1100000010000000000000000 00000000000000000000000000000000000000000000000000000000000000000000000000000000000000000000000000000100111101100100100010000011 00000000000000000000000000000000000000000000000000000000000000000000000000000000000000000000000010001011101001001101001011101011 00000000000000000000000000000000000000000000000000000000000000000000000000000000000000000000000000000000000000000000000000000000 00000000000000000000000000000000000000000000000000000000000000000000000000000000000000000000000010010000100110100001101101101110 
1100000011000000000000000 00000000000000000000000000000000000000000000000000000000000000000000000000000000000000000001001100101101111011100111101011100110 00000000000000000000000000000000000000000000000000000000000000000000000000000000000000000000000000000000000000000000000000000000 00000000000000000000000000000000000000000000000000000000000000000000000000000000000000000000000000000000000000000000000000000000 00101101111011100111101011100110001011011110111001111010111001100010110111101110011110101110011000101101111011100111101011100110 
1100000100000000000000000 00000000000000000000000000000000000000000000000000000000000000000000000000000000000000000000000000000101010100110000011101000101 00000000000000000000000000000000000000000000000000000000000000000000000000000000000000000000000000000000000000000000000011101010 00000000000000000000000000000000000000000000000000000000000000000000000000000000000000000000000000000000000000000000000000000000 00000000000000000000000000000000000000000000000000000000000000000000000000000000000000000000000000000000000000000000000000000000 
1100000101000000000000000 00000000000000000000000000000000000000000000000000000000000000000000000000000000000000000000000000110001000111001101100110001011 00000000000000000000000000000000000000000000000000000000000000000000000000000000000000000000000000000101111000100110011010101010 00000000000000000000000000000000000000000000000000000000000000000000000000000000000000000000000000000000000000000000000000000000 00000000000000000000000000100000000000000000000000000000001000000000000000000000000000000010000000000000000000000000000000000010 
1100000110000000000000000 00000000000000000000000000000000000000000000000000000000000000000000000000000000000000000000001001001010111100011100011110010111 00000000000000000000000000000000000000000000000000000000000000000000000000000010111010100001101010010100000010000110100101101101 00000000000000000000000000000000000000000000000000000000000000000000000000000000000000000000000000000000000000000000000000000000 00000000000000000000000000000000000000000000000000000000000000000000000000000010111010100001101001001010111100011100011110010111 
1100000111000000000000000 00000000000000000000000000000000000000000000000000000000000000000000000000000000000000100010001010111101111110101110111000000110 00000000000000000000000000000000000000000000000000000000000000000000000000001010100110010111001111101100101100010010101111001000 00000000000000000000000000000000000000000000000000000000000000000000000000000000000000000000000000000000000000000000000000000000 00000000000000000000000000000000000000000000000000000000000000000000000000000000000000100010001010111101111110101110111000000110 
1100001000000000000000000 00000000000000000000000000000000000000000000000000000000000000000000000000000000000000000000000000000101010100011010011111111010 00000000000000000000000000000000000000000000000000000000000000000000000000000000000000001110010010111010000110111100111111011011 00000000000000000000000000000000000000000000000000000000000000000000000000000000000000000000000000000000000000000000000000000000 00000000000000000000000000000000000000000000000000000000000000000000000000000000000000000000000011111010101011100101100000000110 
1100001001000000000000000 00000000000000000000000000000000000000000000000000000000000000000000000000000000000000000000000000111010100011010111000010011000 00000000000000000000000000000000000000000000000000000000000000000000000000000000000000000000000000111010100110111001010110111010 00000000000000000000000000000000000000000000000000000000000000000000000000000000000000000000000000000000000000000000000000000000 00000000000000000000000000000000000000000000000000000000000000000000000000000000000000000000000000000000000010000000000000000110 
1100001010000000000000000 00000000000000000000000000000000000000000000000000000000000000000000000000000000000000001011111111001101111111111000000011100101 00000000000000000000000000000000000000000000000000000000000000000000000000000000000000000000000000000000000000000000000000001110 00000000000000000000000000000000000000000000000000000000000000000000000000000000000000000000000000000000000000000000000000000000 00000011100101000000000000000000000000000000000000000000000000000000000000000000000000000000000000000010111111110011011111111110 
1100001011000000000000000 00000000000000000000000000000000000000000000000000000000000000000000000000000000000000001100111111111011010101011010001101100010 00000000000000000000000000000000000000000000000000000000000000000000000000000000000000000000000000000000000000000000000000000011 00000000000000000000000000000000000000000000000000000000000000000000000000000000000000000000000000000000000000000000000000000000 00000000000000000000000000000000000000000000000000000000000000001110000000000000000000000001100101011111011010101011010001101100 
1100001100000000000000000 00000000000000000000000000000000000000000000000000000000000000000000000000000000000000000001011011011111111110111100000000000100 00000000000000000000000000000000000000000000000000000000000000000000000000000000000000000000000000000000000000000000000000001000 00000000000000000000000000000000000000000000000000000000000000000000000000000000000000000000000000000000000000000000000000000000 00000000000000000000000000000000000000000000000000000000000000000000000000000000000101100000000011111011000000000000010000000000 
1100001101000000000000000 00000000000000000000000000000000000000000000000000000000000000000000000000000000000000000000000000000000011111011011101010000100 00000000000000000000000000000000000000000000000000000000000000000000000000000000000000000000001000101001010101101000111001010111 00000000000000000000000000000000000000000000000000000000000000000000000000000000000000000000000000000000000000000000000000000000 00000000000000000000000000000000000000000000000000000000000000000000000000000000000000000000001000101000110110011101001111010011 
1100001110000000000000000 00000000000000000000000000000000000000000000000000000000000000000000000000000000000000000000000000000101110110001110111011000111 00000000000000000000000000000000000000000000000000000000000000000000000000000000000000000000000000000001001111011001011110001000 00000000000000000000000000000000000000000000000000000000000000000000000000000000000000000000000000000000000000000000000000000000 00000000000000000000000000000000000000000000000000000000000000000000000000000000000000000000000011111011011001011010100011000001 
1100001111000000000000000 00000000000000000000000000000000000000000000000000000000000000000000000000000000000000000000000000000000000011100010101001011011 00000000000000000000000000000000000000000000000000000000000000000000000000000000000000000000000000000000000000010100010101011110 00000000000000000000000000000000000000000000000000000000000000000000000000000000000000000000000000000000000000000000000000000000 00000000000000000000000000000000000000000000000000000000000000000000000000000000000000000000000000000000000011110110111100000101 
